4
90
4.123
75.96
1.25
4.472
63.43
5
53.13
5.656
45
6.403
38.66
7.211
33.69
8.062
29.74
8.944
26.56
9.848
23.96
10.77
21.8
11.704
19.98
12.649
18.434
13.601
17.102
14.56
15.945
15.524
14.93
16.429
14.036
17.464
13.24
18.439
12.528
19.416
11.888
20.396
11.309
21.377
10.784
22.3606
10.304
23.345
9.865
24.33
9.462
25.317
9.0902
26.305
8.746
27.294
8.426
28.284
8.13
29.274
7.853
30.265
7.564
31.256
7.352
32.249
7.125
33.241
6.911
34.2344
6.7098
35.227
6.519
36.221
6.34
37.215
6.17
38.209
6.009
39.204
5.856
40.199
5.71
41.194
5.57
42.19
5.44
43.185
5.314
44.181
5.1944
45.177
5.079
46.173
4.969
47.169
4.864
48.166
4.763
49.162
4.666
50.159
4.573
51.156
4.484
52.153
4.398
53.15
4.316
54.147
4.236
55.145
4.159
56.142
4.08
57.14
4.014
58.137
3.945
59.135
3.878
60.133
3.814
